91,53
91,52
91,51
91,50
91,49
91,48
91,47
91,46
91,45
91,44
91,43
91,42
91,41
91,40
91,39
91,38
91,37
91,36
67,1
67,3
65,1
65,3
64,3
66,9
66,3
63,1
63,3
62,12
62,3
76,3
0,520
91,35
61,6
61,28
61,3
14,4
0,273
0,270
10,90
10,146
10,188
10,299
10,217
10,235
10,253
10,86
11,15
11,6
11,27
11,20
11,12
11,16
11,19
11,2
11,3
9,7
9,4
9,1
9,6
9,2
9,3
8,8
8,14
8,13
8,12
8,2
8,3
0,503
12,2
12,1
12,3
85,11
85,10
85,9
85,8
85,7
85,6
85,5
85,4
85,3
85,2
85,1
85,0
84,5
84,4
84,3
84,2
84,1
84,0
83,7
83,6
83,5
83,4
83,3
83,2
83,1
83,0
82,4
82,3
82,2
82,1
20,2
82,0
81,4
81,3
81,2
81,1
20,1
81,0
80,4
80,3
20,3
80,2
80,1
80,0
79,25
79,24
79,23
79,22
79,21
79,20
79,19
79,18
79,17
79,16
79,15
79,14
79,13
79,12
79,11
79,10
79,9
79,8
79,7
79,6
79,5
79,4
79,3
79,2
79,1
