10,252
10,226
10,187
10,13
10,71
10,123
10,257
10,144
10,2
10,3
11,9
11,27
11,4
11,30
11,10
11,25
11,8
11,2
11,3
0,520
9,7
8,12
8,13
8,6
8,8
8,15
8,9
12,2
12,1
12,3
288,3
288,1
287,25
287,16
287,15
287,14
287,13
287,12
287,11
287,10
287,9
287,8
287,7
287,6
287,5
287,3
287,1
286,3
286,1
285,12
285,3
285,1
284,3
284,2
284,1
284,0
283,3
19,2
283,2
283,1
19,1
283,0
282,5
282,4
282,3
282,2
282,1
19,3
282,0
281,7
281,6
281,5
281,4
281,3
281,2
281,1
281,0
279,4
279,3
279,2
279,1
279,0
278,3
278,2
278,1
278,0
276,12
276,11
276,10
276,9
276,8
276,7
276,6
276,5
276,4
276,3
276,2
276,1
276,0
275,86
275,85
275,84
275,83
275,82
275,81
275,80
275,79
275,78
275,77
275,76
275,75
275,74
275,73
275,72
275,71
275,70
275,69
275,68
275,67
275,66
275,65
275,64
275,36
275,35
275,34
275,33
275,32
